0064609
0065586
0138520
0148647
0173835
0194240
0206346
0234485
0243089
0265491
0272073
0274072
0307698
0344529
0351931
0399866
0402396
0414118
0441445
0489451
0494408
0494796
0507784
0526697
0549940
0559101
0575288
0590728
0625173
0625454
0639190
0657147
0680426
0684492
0684564
0695194
0701735
0708533
0713362
0720947
0744287
0760812
0774806
0812921
0824459
0828008
0844503
0851167
0853300
0879999
0881106
0883328
0888386
0894199
0897485
0904772
0909836
0918593
0920336
0989670
0996706
0998516
1012223
1014248
1027108
1043904
1048555
1075391
1095153
1105046
1119716
1145316
1154802
115532
1169873
1201026
1204577
1204985
1209561
1228581
1232773
1235139
1238491
1240825
1243807
1252570
1282229
1290317
1291609
1298156
1300415
1310095
1318203
2000095053
2009342
2029842
2039371
2043380
2056996
2064225
2073448
2078080
2085206
2111815
2119701
2134401
213754
2143274
2144232
2146686
2146919
2148907
2154082
2160144
2169267
2175101
2176895
2177333
2198106
2203488
2209755
2210451
2213696
2234825
2245297
2252912
2253289
2264098
2289248
2291362
2322283
2322704
2325405
2335293
2348402
2356983
2360230
2369026
2369410
2373161
2385621
2386737
2398542
2404420
2423223
2424110
2458799
2466834
2467997
2469946
2474474
2487875
2494242
2509052
2519312
2522299
2535782
2540307
2574984
2601307
2616646
2622288
2626945
2628925
2659195
2682170
2702648
2716064
2728317
2732448
2737207
2743058
2770485
2772348
2772839
2781653
2781712
2785021
2786760
2792185
2807505
2815537
2817920
2823979
2838974
2861303
2863651
2866228
2870239
2871166
2871746
2871908
2871998
2883730
2885712
2888147
2894624
2925615
2931132
2935907
2936711
2941424
2947943
2952689
2963669
2970221
2970434
2972480
2975454
2982721
3000759
3005905
3008881
3017025
3048512
3057738
3060933
3064322
3073146
3073473
3073648
3086846
3091653
3091734
3092849
3112553
3126780
3129852
3131083
3131941
3132620
3132723
3133459
3140372
3144124
3152470
3152672
3154055
3157747
3164695
3175798
3177206
3179128
3180057
3184799
3188527
3197261
3201392
3212549
3215161
3216240
3225062
3232625
3233033
3235668
3237733
3239420
3244776
3250062
3258064
3258785
3265433
3267113
3271307
3274886
3275033
3277157
3278225
3282617
3284506
3284572
3306962
3313483
3365238
3367046
3367160
3367710
3381179
3386566
3390081
3392308
3392737
3403781
3418639
3495234
3525855
3542086
3613002
3654381
3656051
3656278
3659060
3691652
3696424
3702837
3709947
3710206
3714882
3723661
3729634
3730167
3736348
3740931
3745438
3747434
3754706
3757430
3759999
3761816
3764545
3764974
3766110
3767146
3767855
3769709
3771413
3772536
3773581
3776162
3776283
3780204
3781140
3783171
3784762
3786534
3793579
3799393
3801860
3802008
3809254
3809812
3809996
3817476
3830404
3840038
3853046
3861330
3863196
3866600
3887349
3898189
3903119
3903904
3922053
3929387
3931296
3950172
3950353
3964097
3981923
3996838
3999060
4018426
4032956
4041894
4046698
4052806
4061241
4061927
4066880
4070072
4070551
4083492
4092645
4127554
4145572
4148993
4149526
4152339
4153210
4155553
4158759
4163668
4168489
4170014
4174762
4175145
4182082
4183370
4183922
4187829
4191271
4191377
4204882
4204884
4205837
4206591
4210233
4211297
4213148
4213996
4218170
4222579
4225354
4229641
4232009
4233997
4234131
4234460
4236722
4237431
4240954
4245086
4245810
4248312
4249527
4251174
4252246
4255543
4257251
4258371
4258653
4263153
4266586
4269005
4282101
4286667
6012521
6031614
6108916
6118939
6182078
6226389
6236786
6251018
6253724
6301789
6308787
6327292
6338327
6342031
6370842
